50.496375 7.312312
69.017336 9.949010
6.504676 0.402668
47.202416 7.372892
40.427390 5.413481
15.258608 1.689084
32.444642 4.898310
51.332003 7.443845
30.384774 4.409411
11.333958 2.317807
14.756302 2.439615
67.138180 9.791725
62.027474 9.515288
30.262427 4.384508
24.907328 3.238266
49.818682 6.639022
31.089285 4.104561
37.437399 4.862350
45.713274 6.301314
20.135743 3.134608
35.496204 5.385869
35.217918 4.491739
-2.462339 0.328581
15.504408 1.957047
8.540072 0.986557
62.464219 8.944165
29.169664 4.514209
37.718168 5.217733
14.635353 1.504053
9.710680 1.362839
55.952296 7.431248
40.069510 5.040947
68.572343 9.664205
20.406405 2.665425
24.264395 4.173132
29.022853 3.747696
38.145868 5.721421
37.077037 4.717864
66.600359 9.692133
32.949568 5.400780
31.220697 3.920622
56.978772 7.873336
54.274524 7.230729
63.371920 9.084045
15.688089 1.812122
54.948229 7.584506
29.672139 3.722426
57.671203 7.848726
25.526581 3.111014
34.821091 4.832707
3.690326 1.141458
10.659872 1.464306
16.703429 2.743704
31.735639 5.147993
14.917495 2.669471
42.721395 6.178294
27.291772 4.260877
14.485518 2.544589
21.443083 3.220810
5.965769 1.431867
33.247386 4.574652
63.201450 9.718899
46.459512 6.699085
16.287332 2.892028
19.589720 2.772967
11.606064 1.741008
49.159971 7.176792
54.300311 8.207979
10.494688 0.834052
64.386625 8.649873
57.418799 8.726796
20.407553 3.583534
37.676875 4.827961
66.887593 8.941677
67.211215 9.083486
53.953845 7.476288
58.742402 8.192582
27.489283 3.813982
52.332898 7.323201
49.766573 7.053972
21.009881 3.478218
26.709189 3.679299
18.990932 2.946478
61.695823 8.321406
-1.611522 0.274487
-0.425445 0.157369
31.036336 4.785926
8.847062 0.655377
42.408609 5.746323
54.604421 7.247305
51.321778 7.525300
21.424367 3.601442
53.946823 7.233337
28.078049 4.408537
65.410065 8.773976
14.409394 2.704944
14.189825 1.684163
20.200516 3.243969
14.223915 2.663616
21.488734 3.397118
